248 444
141
156
110 89
109 90
108 90
107 90
106 90
105 90
104 90
103 89
102 88
101 87
101 86
101 85
100 84
99 83
100 82
101 81
102 80
103 79
104 78
105 78
106 77
107 77
108 76
109 76
110 76
111 76
112 76
113 76
114 76
115 75
114 74
113 73
112 73
111 73
110 73
109 72
108 72
107 72
106 72
105 72
104 73
103 74
102 75
101 76
100 77
99 78
98 79
97 80
97 81
96 82
96 83
95 84
95 85
95 86
95 87
94 88
94 89
94 90
94 91
94 92
94 93
94 94
94 95
94 96
95 97
95 98
96 99
96 100
97 101
97 102
98 103
99 103
100 104
101 104
102 104
103 104
104 103
105 102
106 102
107 102
108 102
109 103
110 103
111 103
112 103
113 102
114 102
115 102
116 102
117 101
118 100
118 99
117 98
116 97
116 96
117 95
117 94
117 93
117 92
117 91
117 90
117 89
117 88
116 87
115 86
115 85
115 84
114 83
115 82
116 83
117 83
118 84
119 85
120 86
120 87
120 88
121 89
121 90
121 91
120 92
120 93
120 94
121 95
122 94
123 93
123 92
123 91
123 90
123 89
123 88
123 87
122 86
122 85
121 84
121 83
120 82
119 81
118 80
117 80
116 80
115 80
114 79
113 79
112 79
111 79
110 79
109 79
108 80
107 81
106 81
105 82
104 83
104 84
104 85
103 86
102 87
485
110 149
110 148
111 147
111 146
111 145
110 144
110 143
109 142
108 142
107 142
106 142
105 142
104 143
103 143
102 142
101 141
101 140
101 139
100 138
99 139
98 140
97 141
96 142
96 143
95 144
95 145
94 146
94 147
94 148
94 149
94 150
93 151
93 152
94 153
94 154
94 155
94 156
94 157
95 158
95 159
96 160
96 161
97 162
98 163
98 164
99 165
100 166
101 167
102 167
103 168
103 169
104 170
105 170
106 171
107 172
108 172
109 173
110 173
111 174
112 175
113 176
114 176
115 176
116 176
117 176
118 175
119 175
120 175
121 175
122 175
123 174
124 174
125 174
126 173
127 173
128 173
129 172
130 171
131 171
132 170
133 169
134 168
135 167
136 166
137 165
138 166
138 167
137 168
137 169
138 170
139 171
140 170
141 170
142 169
143 169
144 168
145 168
146 167
147 167
148 166
149 166
150 165
151 164
152 165
152 166
153 167
153 168
153 169
153 170
153 171
154 172
154 173
154 174
155 175
155 176
156 177
156 178
157 179
157 180
158 181
159 182
159 183
160 184
161 185
161 186
162 187
163 188
163 189
164 190
165 191
166 192
166 193
167 194
168 195
169 196
170 197
170 198
171 199
172 200
173 201
174 202
175 203
176 204
177 205
178 206
179 206
180 206
181 206
182 206
183 205
184 205
185 204
186 203
187 202
188 201
189 200
190 199
191 198
192 197
193 196
193 195
194 194
195 193
195 192
196 191
197 190
198 189
199 190
200 190
201 191
202 192
203 192
204 193
205 193
206 193
207 194
208 194
209 194
210 194
211 194
212 194
213 195
214 195
215 195
216 195
217 194
218 194
219 194
220 194
221 193
222 193
223 193
224 193
225 192
226 192
227 192
228 192
229 191
230 191
231 191
232 190
233 190
234 190
235 190
236 189
237 189
238 189
239 188
240 188
241 188
242 188
243 188
244 188
245 187
246 188
247 188
248 188
249 188
250 189
251 189
252 190
253 190
254 191
255 191
256 192
257 192
258 193
259 193
260 193
261 194
262 194
263 195
264 195
265 196
266 196
267 197
268 197
269 198
270 198
271 198
272 199
273 199
274 200
275 200
276 200
277 201
278 201
279 202
280 202
281 202
282 203
283 203
284 203
285 204
286 204
287 204
288 204
289 205
290 205
291 205
292 205
293 206
294 206
295 206
296 207
297 207
298 207
299 207
300 207
301 208
302 208
303 208
304 208
305 209
306 209
307 209
308 209
309 209
310 209
311 209
312 209
313 209
314 209
315 209
316 209
317 208
318 208
319 208
320 208
321 208
322 208
323 208
324 208
325 208
326 207
327 207
328 207
329 207
330 207
331 206
332 206
333 206
334 205
335 205
336 205
337 204
338 204
339 204
340 203
341 203
342 203
343 202
344 202
345 202
346 201
347 201
348 201
349 200
350 200
351 199
352 199
353 199
354 198
355 198
356 198
357 197
358 197
359 196
360 196
361 196
362 195
363 195
364 195
365 194
366 194
367 193
368 193
369 193
370 192
371 192
372 192
373 191
374 191
375 192
376 192
377 192
378 192
379 192
380 192
381 192
382 192
383 192
384 192
385 192
386 192
387 193
388 193
389 193
390 194
391 194
392 194
393 194
394 195
395 195
396 195
397 196
398 196
399 196
400 196
401 196
402 196
403 197
404 198
403 199
402 199
401 199
400 199
399 199
398 199
397 198
396 198
395 198
394 198
393 197
392 197
391 197
390 196
389 196
388 196
387 196
386 195
385 195
384 195
383 195
382 194
381 195
380 195
379 195
378 195
377 195
376 195
375 195
374 194
373 194
372 194
371 195
370 195
369 195
368 196
367 196
366 196
365 197
364 197
363 198
362 198
361 198
360 199
359 199
358 199
357 200
356 200
355 201
354 201
353 201
352 202
351 202
350 202
349 203
348 203
347 204
346 204
345 204
344 205
343 205
342 205
341 206
340 206
339 206
338 207
337 207
336 207
335 208
334 208
333 208
332 209
331 209
330 209
329 210
328 210
327 210
326 210
325 210
324 210
323 211
322 211
321 211
320 211
319 211
318 211
317 211
316 211
315 211
314 211
313 211
312 212
311 212
310 212
309 212
308 212
307 212
306 212
305 212
304 212
303 212
302 212
301 212
300 211
299 210
298 210
297 210
296 211
297 212
298 213
299 213
300 213
46
111 173
112 172
112 171
113 170
114 170
115 169
115 168
114 167
113 167
112 167
111 167
110 167
109 167
108 166
107 166
106 166
105 165
104 165
103 164
102 163
101 162
100 161
99 160
98 159
98 158
97 157
97 156
98 155
98 154
98 153
98 152
98 151
98 150
98 149
98 148
99 147
100 148
101 149
102 150
103 150
104 150
105 150
106 151
107 150
108 150
109 150
50
405 198
405 197
406 196
406 195
405 194
404 193
405 192
405 191
405 190
405 189
405 188
405 187
406 186
406 185
407 185
408 184
409 184
410 184
411 184
412 184
413 184
414 184
415 184
416 184
417 184
418 184
419 184
420 183
421 183
422 183
423 184
424 184
425 184
426 184
427 184
428 184
429 184
430 184
431 184
432 184
433 184
434 184
435 184
436 184
437 184
438 184
439 184
440 185
441 185
442 185
37
406 195
407 194
408 194
409 194
410 194
411 194
412 194
413 195
414 195
415 195
416 195
417 195
418 195
419 196
420 196
421 196
422 196
423 196
424 196
425 196
426 196
427 196
428 196
429 196
430 196
431 196
432 196
433 196
434 196
435 196
436 196
437 196
438 196
439 196
440 196
441 196
442 196
64
103 138
104 139
105 139
106 139
107 139
108 139
109 139
110 139
111 139
112 140
113 140
114 140
115 140
116 141
117 141
118 142
119 143
120 144
121 145
121 146
121 147
122 148
122 149
122 150
122 151
122 152
122 153
122 154
122 155
123 156
124 157
123 158
122 159
123 160
124 161
125 160
126 159
126 158
127 157
127 156
127 155
127 154
127 153
127 152
127 151
127 150
127 149
127 148
126 147
126 146
126 145
126 144
125 144
124 145
124 146
124 147
124 148
124 149
124 150
124 151
124 152
124 153
124 154
124 155
18
122 155
121 156
120 155
119 155
118 155
117 154
117 153
117 152
117 151
117 150
116 149
116 148
115 147
114 146
114 145
114 144
113 143
112 144
493
201 61
200 62
199 63
198 64
197 65
196 66
195 67
194 68
193 69
192 70
191 71
191 72
190 73
189 74
188 75
188 76
189 77
190 78
191 77
192 77
193 76
194 75
195 75
196 74
197 75
198 76
198 77
197 78
197 79
196 80
196 81
195 82
195 83
194 84
194 85
193 86
192 87
192 88
191 89
190 90
190 91
189 92
188 93
187 94
186 95
185 95
184 94
183 95
182 95
181 95
180 95
179 95
178 95
177 95
176 95
175 94
174 94
173 94
172 94
171 94
170 94
169 94
168 93
167 92
166 91
165 90
164 89
164 88
163 87
162 86
161 85
160 84
159 83
158 82
157 82
156 81
155 80
154 79
153 78
154 77
154 76
154 75
154 74
155 73
155 72
156 71
156 70
156 69
157 68
157 67
158 66
158 65
159 64
159 63
160 62
160 61
161 60
162 59
162 58
163 57
164 56
164 55
165 54
166 53
167 52
167 51
168 50
169 49
170 48
171 47
172 47
173 46
174 46
175 45
176 46
177 46
178 46
179 47
180 48
181 48
182 49
183 50
184 50
185 51
186 52
187 53
188 54
189 55
190 56
190 57
191 58
192 59
193 59
194 58
195 58
196 57
197 57
198 57
199 58
200 59
201 60
202 60
203 59
204 58
205 58
206 57
207 57
208 56
209 56
210 56
211 56
212 55
213 55
214 55
215 55
216 55
217 55
218 56
219 56
220 56
221 56
222 56
223 56
224 56
225 57
226 57
227 57
228 57
229 57
230 57
231 58
232 58
233 58
234 58
235 58
236 58
237 59
238 59
239 59
240 59
241 59
242 59
243 59
244 59
245 59
246 59
247 59
248 59
249 59
250 59
251 58
252 58
253 58
254 57
255 57
256 56
257 56
258 55
259 54
260 54
261 53
262 53
263 52
264 51
265 51
266 50
267 49
268 49
269 48
270 48
271 47
272 46
273 46
274 45
275 45
276 44
277 44
278 43
279 43
280 42
281 41
282 41
283 40
284 40
285 39
286 39
287 38
288 38
289 37
290 37
291 36
292 36
293 35
294 35
295 34
296 34
297 34
298 34
299 33
300 33
301 33
302 33
303 33
304 33
305 32
306 32
307 32
308 32
309 32
310 32
311 32
312 32
313 31
314 31
315 31
316 31
317 31
318 31
319 31
320 31
321 31
322 31
323 31
324 32
325 32
326 32
327 32
328 32
329 32
330 32
331 32
332 32
333 33
334 33
335 33
336 33
337 33
338 34
339 34
340 34
341 34
342 35
343 35
344 35
345 36
346 36
347 36
348 36
349 37
350 37
351 37
352 38
353 38
354 38
355 39
356 39
357 39
358 40
359 40
360 40
361 41
362 41
363 41
364 42
365 42
366 42
367 43
368 43
369 44
370 44
371 44
372 45
373 45
374 45
375 45
376 45
377 44
378 43
379 43
380 43
381 43
382 43
383 43
384 42
385 42
386 42
387 42
388 42
389 42
390 41
391 41
392 41
393 41
394 41
395 41
396 41
397 41
398 40
399 41
400 42
400 43
400 44
400 45
401 46
401 47
401 48
401 49
402 50
402 51
403 52
403 53
403 54
403 55
403 56
403 57
403 58
403 59
403 60
402 61
401 62
401 63
401 64
401 65
401 66
401 67
401 68
402 69
402 70
402 71
402 72
402 73
402 74
402 75
403 76
403 77
403 78
403 79
403 80
403 81
403 82
403 83
403 84
403 85
404 86
404 87
404 88
404 89
404 90
404 91
404 92
404 93
404 94
404 95
404 96
404 97
405 98
405 99
405 100
405 101
405 102
405 103
405 104
405 105
405 106
405 107
405 108
405 109
405 110
405 111
405 112
405 113
405 114
405 115
405 116
405 117
405 118
405 119
405 120
405 121
405 122
405 123
405 124
405 125
406 126
406 127
406 128
406 129
406 130
406 131
406 132
406 133
406 134
406 135
406 136
406 137
406 138
406 139
406 140
406 141
406 142
405 143
405 144
405 145
405 146
405 147
405 148
405 149
405 150
405 151
405 152
405 153
405 154
405 155
405 156
405 157
405 158
405 159
404 160
404 161
404 162
404 163
404 164
404 165
404 166
404 167
404 168
404 169
404 170
404 171
404 172
403 173
403 174
403 175
403 176
403 177
403 178
403 179
403 180
403 181
402 182
402 183
402 184
402 185
402 186
402 187
402 188
402 189
402 190
401 191
401 192
401 193
401 194
401 195
27
187 96
188 96
189 96
190 96
191 95
192 95
193 95
194 95
195 95
196 96
197 96
198 95
198 94
198 93
198 92
199 91
200 91
201 90
202 90
203 91
204 90
205 91
206 92
206 93
206 94
207 95
207 94
251
442 245
441 244
440 244
439 244
438 244
437 244
436 244
435 243
434 243
433 243
432 243
431 243
430 243
429 242
428 242
427 242
426 242
425 242
424 241
423 241
422 241
421 241
420 241
419 241
418 240
417 240
416 240
415 240
414 240
413 240
412 239
411 239
410 239
409 239
408 239
407 239
406 238
405 238
404 238
403 238
402 238
401 238
400 238
399 238
398 237
397 237
396 237
395 237
394 237
393 237
392 237
391 237
390 237
389 237
388 237
387 237
386 237
385 238
384 238
383 238
382 238
381 238
380 238
379 238
378 238
377 238
376 238
375 238
374 238
373 238
372 239
371 239
370 239
369 239
368 239
367 239
366 239
365 239
364 239
363 239
362 239
361 239
360 240
359 240
358 240
357 240
356 240
355 240
354 240
353 240
352 240
351 240
350 241
349 241
348 241
347 241
346 241
345 241
344 241
343 241
342 241
341 241
340 241
339 242
338 242
337 242
336 242
335 242
334 242
333 242
332 242
331 242
330 242
329 242
328 242
327 243
326 243
325 243
324 243
323 243
322 243
321 243
320 243
319 243
318 243
317 243
316 243
315 243
314 243
313 244
312 244
311 244
310 244
309 244
308 244
307 244
306 244
305 244
304 244
303 244
302 244
301 244
300 244
299 244
298 245
297 245
296 245
295 245
294 245
293 245
292 245
291 245
290 245
289 245
288 245
287 245
286 245
285 245
284 246
283 246
282 246
281 246
280 246
279 246
278 246
277 246
276 246
275 246
274 246
273 246
272 246
271 246
270 246
269 246
268 246
267 246
266 246
265 246
264 246
263 246
262 246
261 246
260 246
259 246
258 246
257 246
256 246
255 246
254 246
253 246
252 245
251 245
250 245
249 245
248 245
247 244
246 244
245 244
244 244
243 243
242 243
241 242
240 242
239 241
238 241
237 240
236 239
235 239
234 238
233 237
232 236
231 235
230 234
229 233
228 232
227 231
227 230
226 229
226 228
225 227
225 226
224 225
224 224
224 223
223 222
223 221
222 220
222 219
222 218
221 217
221 216
221 215
220 214
220 213
220 212
220 211
219 210
219 209
219 208
218 207
218 206
218 205
217 204
217 203
217 202
216 201
216 200
216 199
215 198
215 197
214 196
122
115 191
114 190
114 189
113 188
112 189
111 189
110 189
109 189
108 188
108 187
109 186
110 186
111 187
112 186
113 186
114 186
115 187
116 187
117 188
118 188
119 187
120 187
121 186
122 186
123 185
124 184
125 184
126 183
127 182
127 181
128 180
128 179
129 178
128 177
127 177
126 177
125 178
124 178
123 178
122 179
121 179
120 179
119 179
118 179
117 179
116 180
115 180
114 180
113 180
112 180
111 180
110 180
109 180
108 181
107 181
106 181
105 181
104 181
103 181
102 181
101 181
100 181
99 181
98 182
97 183
96 184
95 185
94 186
93 187
93 188
92 189
92 190
93 191
94 192
95 192
96 193
97 193
98 193
99 193
100 193
101 193
102 193
103 193
104 193
105 193
106 193
107 193
108 193
109 193
110 193
111 193
112 193
113 193
114 193
115 193
116 192
117 192
118 191
119 191
120 190
121 190
122 189
123 188
124 188
125 187
126 186
127 185
128 184
129 183
130 182
131 181
132 180
133 179
133 178
134 177
135 176
135 175
135 174
135 173
136 172
137 172
138 171
69
132 62
131 61
130 61
129 60
128 59
127 59
126 58
125 58
124 58
123 58
122 58
121 58
120 58
119 59
118 59
117 59
116 59
115 59
114 59
113 58
112 58
111 58
110 58
109 58
108 59
107 59
106 59
105 59
104 59
103 59
102 60
103 61
104 61
105 61
106 61
107 62
108 62
109 62
110 62
111 61
112 62
113 62
114 62
115 62
116 62
117 62
118 62
119 62
120 62
121 62
122 62
123 62
124 62
125 62
126 63
127 64
128 64
129 65
130 65
131 66
132 67
133 67
134 68
135 67
136 66
135 65
135 64
134 63
133 63
529
442 2
441 2
440 2
439 2
438 3
437 3
436 3
435 3
434 4
433 4
432 4
431 5
430 5
429 5
428 6
427 6
426 6
425 6
424 7
423 7
422 7
421 8
420 8
419 8
418 9
417 9
416 9
415 10
414 10
413 10
412 11
411 11
410 11
409 11
408 12
407 12
406 12
405 12
404 13
403 13
402 13
401 13
400 13
399 13
398 13
397 13
396 13
395 13
394 14
393 14
392 14
391 14
390 14
389 14
388 14
387 14
386 14
385 14
384 14
383 13
382 13
381 13
380 13
379 13
378 13
377 13
376 13
375 13
374 13
373 13
372 13
371 13
370 13
369 13
368 13
367 13
366 12
365 12
364 12
363 12
362 12
361 12
360 12
359 12
358 12
357 12
356 12
355 12
354 12
353 12
352 12
351 11
350 11
349 11
348 11
347 11
346 11
345 11
344 11
343 11
342 11
341 11
340 11
339 11
338 10
337 10
336 10
335 10
334 10
333 10
332 10
331 10
330 10
329 10
328 10
327 10
326 10
325 10
324 10
323 10
322 10
321 10
320 9
319 9
318 9
317 9
316 9
315 9
314 9
313 9
312 9
311 9
310 9
309 9
308 9
307 9
306 9
305 9
304 9
303 9
302 9
301 9
300 9
299 9
298 8
297 8
296 8
295 8
294 8
293 8
292 8
291 8
290 8
289 8
288 8
287 8
286 8
285 8
284 8
283 8
282 8
281 8
280 8
279 8
278 8
277 8
276 8
275 8
274 8
273 8
272 8
271 8
270 8
269 8
268 8
267 8
266 8
265 8
264 8
263 8
262 8
261 8
260 8
259 8
258 8
257 8
256 8
255 8
254 8
253 9
252 9
251 9
250 9
249 9
248 9
247 10
246 10
245 10
244 10
243 10
242 11
241 11
240 11
239 12
238 12
237 12
236 13
235 13
234 14
233 15
232 15
231 16
230 17
229 18
229 19
228 20
227 21
227 22
226 23
226 24
225 25
225 26
224 27
224 28
224 29
223 30
223 31
223 32
222 33
222 34
222 35
221 36
221 37
221 38
221 39
220 40
220 41
220 42
219 43
219 44
219 45
219 46
218 47
218 48
218 49
218 50
219 51
220 51
221 50
222 49
223 49
224 50
225 50
226 50
227 50
228 50
229 51
230 51
231 51
232 51
233 51
234 52
235 52
236 52
237 52
238 52
239 52
240 52
241 53
242 53
243 53
244 53
245 53
246 53
247 52
248 52
249 52
250 52
251 52
252 51
253 51
254 50
255 50
256 49
257 49
258 48
259 48
260 47
261 46
262 46
263 45
264 45
265 44
266 44
267 43
268 42
269 42
270 41
271 41
272 40
273 39
274 39
275 38
276 38
277 37
278 37
279 36
280 36
281 35
282 35
283 34
283 33
282 32
281 32
280 31
279 31
278 30
277 30
276 30
275 29
274 29
273 28
272 28
271 27
270 27
269 26
268 26
267 25
266 25
265 25
264 25
263 24
262 24
261 24
260 24
259 24
259 23
260 22
261 21
262 21
263 20
264 20
265 20
266 19
267 19
268 19
269 18
270 18
271 18
272 17
273 17
274 17
275 17
276 17
277 17
278 17
279 17
280 17
281 17
282 17
283 18
284 18
285 18
286 19
287 19
288 20
289 21
290 21
291 22
292 23
293 24
294 25
295 25
296 26
297 27
298 28
299 29
300 30
301 30
302 30
303 30
304 30
305 30
306 29
307 29
308 29
309 29
310 29
311 29
312 29
313 29
314 29
315 29
316 29
317 29
318 29
319 29
320 29
321 29
322 29
323 29
324 29
325 29
326 29
327 29
328 29
329 29
330 29
331 30
332 30
333 30
334 30
335 30
336 31
337 31
338 31
339 31
340 32
341 32
342 32
343 32
344 33
345 33
346 33
347 33
348 34
349 34
350 34
351 35
352 35
353 35
354 36
355 36
356 36
357 37
358 37
359 37
360 37
361 38
362 38
363 38
364 39
365 39
366 39
367 40
368 40
369 41
370 41
371 41
372 42
373 42
374 42
375 42
376 41
377 41
378 41
379 41
380 40
381 40
382 40
383 40
384 40
385 39
386 39
387 39
388 39
389 39
390 38
391 38
392 38
393 38
394 38
395 38
396 38
397 38
398 38
399 38
400 38
401 39
401 40
402 41
402 42
402 43
403 44
403 45
403 46
403 47
404 48
404 49
404 50
404 51
405 52
406 52
407 52
408 52
409 52
410 52
411 52
412 52
413 52
414 52
415 52
416 52
417 52
418 52
419 52
420 52
421 52
422 52
423 52
424 52
425 51
426 51
427 51
428 51
429 51
430 51
431 51
432 50
433 50
434 50
435 50
436 50
437 50
438 49
439 49
440 49
441 49
442 49
460
264 122
263 121
263 120
263 119
263 118
262 117
262 116
262 115
262 114
263 113
263 112
263 111
263 110
263 109
264 108
265 107
266 107
267 106
268 105
269 105
270 105
271 104
272 104
273 104
274 104
275 104
276 104
277 105
278 105
279 105
280 106
281 107
282 108
283 109
283 110
284 111
284 112
284 113
285 114
285 115
285 116
285 117
285 118
285 119
284 120
284 121
284 122
283 123
282 124
281 125
280 125
279 126
278 126
277 126
276 126
275 127
274 127
273 127
272 127
271 126
270 126
269 126
268 125
267 125
266 124
265 123
264 124
263 125
262 125
261 126
260 127
259 128
258 129
257 130
256 131
255 131
254 132
253 133
252 134
251 134
250 135
249 136
248 137
247 137
246 138
245 139
244 139
243 140
242 141
241 141
240 142
239 143
238 143
237 144
236 144
235 145
234 145
233 146
232 147
231 147
230 148
229 148
228 149
227 149
226 150
225 150
224 151
223 151
222 151
221 152
220 152
219 153
218 153
217 154
216 154
215 154
214 155
213 155
212 155
211 156
210 156
209 156
208 156
207 157
206 157
205 156
204 155
203 154
202 155
201 155
200 155
199 154
199 153
200 152
201 151
202 150
202 149
202 148
203 147
203 146
203 145
203 144
204 143
204 142
204 141
203 140
202 141
201 142
201 143
201 144
201 145
200 146
200 147
200 148
199 149
198 150
197 149
196 149
195 149
194 148
193 148
192 148
191 148
190 148
189 148
188 148
187 148
186 148
185 148
184 148
183 148
182 148
181 148
180 148
179 147
178 148
177 148
176 148
175 148
174 148
173 148
172 149
171 149
170 149
169 149
168 149
167 148
167 147
167 146
168 145
169 144
170 143
171 142
171 141
172 140
173 139
174 138
175 137
175 136
176 135
177 134
178 133
178 132
179 131
179 130
180 129
181 128
181 127
181 126
182 125
182 124
182 123
182 122
182 121
182 120
182 119
182 118
181 117
181 116
180 115
180 114
179 113
178 112
178 111
177 110
176 109
176 108
175 107
174 106
174 105
173 104
172 103
172 102
171 101
170 100
169 99
169 98
168 97
168 96
167 95
166 94
165 93
164 92
163 91
162 90
161 89
160 88
159 87
158 86
157 85
156 84
155 83
154 82
153 81
152 80
151 79
150 78
149 78
148 77
147 76
146 76
145 75
144 75
143 74
142 74
141 73
140 72
139 72
138 72
137 73
136 73
135 72
134 72
133 71
132 70
131 70
130 69
129 69
128 68
127 68
126 68
125 67
124 67
123 67
122 67
121 67
120 67
119 66
118 66
117 67
116 68
115 69
114 68
113 67
112 67
111 66
110 66
109 65
108 65
107 65
106 65
105 65
104 64
103 64
102 64
101 63
100 63
99 63
98 63
97 63
96 63
95 64
94 63
93 63
92 63
91 64
90 64
89 64
88 64
87 65
86 65
85 65
84 66
83 66
82 66
81 66
80 67
79 67
78 67
77 68
76 68
75 68
74 69
73 69
72 70
71 70
70 70
69 71
68 71
67 72
66 72
65 72
64 73
63 73
62 74
61 74
60 75
59 75
58 76
57 77
56 77
55 78
54 79
53 78
53 77
54 76
53 75
54 74
55 73
56 72
57 72
58 71
59 70
60 70
61 69
62 69
63 68
64 67
65 67
66 66
67 66
68 65
69 64
70 63
71 62
72 62
73 61
74 61
75 60
76 60
77 60
78 59
79 59
80 58
81 58
82 58
83 57
84 57
85 57
86 56
87 56
88 56
89 56
90 55
91 55
92 55
93 55
94 55
95 55
96 54
97 54
98 53
99 52
100 51
101 51
102 51
103 51
104 51
105 51
106 50
107 50
108 50
109 50
110 50
111 50
112 50
113 51
114 51
115 51
116 52
117 53
118 53
119 53
120 53
121 53
122 54
123 54
124 54
125 54
126 54
127 55
128 55
129 55
130 55
131 55
132 56
133 56
134 56
135 57
136 57
137 57
138 58
139 58
140 59
141 59
142 59
143 60
143 61
143 62
142 63
141 62
140 62
139 61
138 61
137 60
136 60
135 59
134 59
133 60
132 61
41
105 65
104 66
103 67
102 68
101 69
100 69
99 69
98 69
97 69
96 69
95 69
94 69
93 69
92 69
91 69
90 69
89 70
88 70
87 70
86 71
85 71
84 71
83 72
82 72
81 72
80 73
79 73
78 73
77 73
76 74
75 74
74 74
73 75
72 75
71 75
70 76
69 76
68 75
67 75
66 75
65 74
17
165 150
164 151
163 152
162 153
161 154
160 155
159 155
158 156
157 157
156 158
155 159
154 160
153 161
152 162
151 163
150 164
149 165
103
205 155
205 154
206 153
206 152
206 151
207 150
207 149
207 148
207 147
208 146
208 145
208 144
208 143
208 142
209 141
209 140
209 139
210 138
210 137
211 136
211 135
211 134
211 133
212 132
212 131
213 130
213 129
213 128
214 127
214 126
215 125
215 124
216 123
216 122
216 121
216 120
216 119
216 118
216 117
216 116
216 115
216 114
215 113
215 112
215 111
215 110
215 109
215 108
214 107
214 106
214 105
214 104
213 103
212 104
211 105
212 106
212 107
212 108
212 109
212 110
212 111
212 112
212 113
212 114
212 115
212 116
212 117
211 118
211 119
211 120
211 121
211 122
211 123
211 124
210 125
210 126
210 127
210 128
210 129
209 130
209 131
209 132
208 133
208 134
208 135
208 136
207 137
207 138
207 139
206 140
206 141
206 142
206 143
206 144
205 145
205 146
205 147
205 148
204 149
204 150
204 151
203 152
203 153
39
205 157
204 157
203 158
203 159
203 160
204 161
204 162
204 163
205 164
205 165
206 166
206 167
206 168
207 169
207 170
207 171
208 172
208 173
208 174
209 175
209 176
209 177
210 178
210 179
210 180
211 181
211 182
211 183
211 184
212 185
212 186
212 187
213 188
213 189
214 190
214 191
214 192
214 193
214 194
10
106 157
107 156
108 156
109 157
109 158
109 159
108 160
107 160
106 159
105 158
26
99 156
100 157
100 158
101 159
102 160
103 161
104 162
105 162
106 163
107 163
108 163
109 163
110 163
111 163
112 163
113 163
114 163
115 163
116 162
117 161
118 160
117 159
116 158
115 157
116 156
117 155
9
109 97
108 96
107 96
106 97
106 98
106 99
107 100
108 99
109 98
39
442 53
441 53
440 53
439 53
438 54
437 54
436 54
435 54
434 54
433 54
432 54
431 54
430 54
429 54
428 54
427 54
426 54
425 54
424 54
423 54
422 54
421 55
420 55
419 55
418 55
417 55
416 55
415 55
414 55
413 55
412 55
411 55
410 55
409 55
408 55
407 55
406 55
405 55
404 54
134
112 176
111 177
110 177
109 177
108 177
107 177
106 177
105 177
104 177
103 177
102 177
101 177
100 177
99 177
98 177
97 177
96 177
95 177
94 177
93 177
92 177
91 177
90 177
89 178
88 178
87 178
86 178
85 178
84 179
83 179
82 179
81 178
80 178
79 177
78 177
77 177
76 177
75 177
74 177
73 177
72 176
71 176
70 176
69 177
68 176
67 176
66 175
65 174
64 173
63 173
62 172
61 171
60 170
59 170
58 169
57 168
56 167
55 166
54 165
53 164
53 163
52 162
52 161
51 160
51 159
51 158
51 157
50 156
49 155
49 154
48 153
48 152
48 151
48 150
48 149
47 148
47 147
47 146
47 145
47 144
48 143
48 142
47 141
47 140
47 139
47 138
47 137
47 136
48 135
48 134
48 133
49 132
49 131
49 130
49 129
50 128
50 127
51 126
52 125
52 124
53 123
54 123
55 123
56 123
57 123
58 123
59 123
60 123
61 123
62 123
63 123
64 123
65 123
66 123
67 123
68 123
69 123
70 123
71 124
72 124
73 124
74 124
75 125
76 125
77 125
78 126
79 126
80 126
81 126
82 126
83 127
84 127
85 127
86 127
171
61 122
62 121
63 120
64 119
65 119
66 119
67 118
68 118
69 118
70 118
71 118
72 118
73 118
74 118
75 118
76 118
77 118
78 118
79 118
80 118
81 118
82 118
83 118
84 118
85 118
86 118
87 118
88 118
89 119
90 119
91 119
92 120
93 120
94 121
95 121
96 121
97 121
98 120
97 119
96 119
95 118
94 118
93 117
92 117
91 116
90 116
89 115
88 115
87 115
86 114
85 114
84 114
83 113
82 113
81 112
80 112
79 111
78 111
77 111
76 111
75 110
74 110
73 110
72 110
71 110
70 109
69 109
68 109
67 109
66 109
65 110
64 110
63 110
62 110
61 110
60 110
59 110
58 110
57 110
56 111
55 111
54 111
53 111
52 112
51 111
50 110
51 109
52 108
53 108
54 108
55 107
56 107
57 106
58 106
59 106
60 105
61 105
62 105
63 104
64 104
65 104
66 103
67 103
68 103
69 102
70 102
71 102
72 102
73 102
74 102
75 102
76 102
77 102
78 102
79 102
80 102
81 101
82 101
83 102
84 103
85 102
86 102
87 102
88 103
89 103
90 104
91 104
92 104
93 104
94 104
94 103
94 102
94 101
93 100
92 99
91 100
90 100
89 100
88 100
87 100
86 100
85 100
84 99
84 98
84 97
84 96
84 95
84 94
84 93
84 92
84 91
84 90
85 89
85 88
85 87
85 86
86 85
86 84
86 83
87 82
87 81
87 80
88 79
89 78
90 78
91 78
92 79
93 79
94 79
95 80
96 81
15
104 101
103 100
102 99
101 98
100 97
100 96
99 95
99 94
99 93
99 92
99 91
99 90
99 89
99 88
100 87
63
82 100
81 99
81 98
81 97
81 96
81 95
81 94
81 93
81 92
81 91
81 90
82 89
82 88
82 87
82 86
81 85
80 84
79 84
78 84
77 85
76 85
75 85
74 85
73 85
72 85
71 85
70 86
69 86
68 86
67 86
66 86
65 87
64 87
63 87
62 88
61 88
60 89
59 89
58 89
57 90
56 90
55 91
54 91
53 92
52 93
51 93
50 94
49 94
48 95
48 96
48 97
48 98
48 99
48 100
48 101
49 102
49 103
49 104
49 105
48 106
47 107
48 108
49 109
68
84 160
84 159
83 158
83 157
83 156
82 155
82 154
82 153
82 152
82 151
82 150
82 149
82 148
82 147
82 146
82 145
82 144
83 143
83 142
83 141
84 140
85 141
86 141
87 140
88 139
89 139
90 140
90 141
90 142
90 143
91 144
92 145
91 146
90 147
89 146
88 147
87 148
86 149
85 150
85 151
85 152
85 153
85 154
86 155
86 156
86 157
86 158
87 159
87 160
88 161
88 162
89 163
89 164
90 165
90 166
91 167
92 168
92 169
91 170
90 169
89 168
88 167
87 166
86 165
86 164
85 163
85 162
84 161
210
17 85
18 86
19 87
19 88
18 89
19 90
20 90
21 90
22 90
23 91
24 91
25 91
26 92
27 92
28 93
29 93
30 93
31 93
32 93
33 93
34 94
35 95
36 96
37 95
38 94
37 93
36 92
35 91
34 90
33 89
32 89
31 88
30 87
29 86
28 85
27 85
26 84
25 84
24 84
23 84
22 84
21 84
20 84
19 84
18 84
17 84
16 84
15 84
14 84
13 84
12 85
11 86
11 87
11 88
11 89
11 90
11 91
11 92
11 93
11 94
11 95
10 96
9 97
9 98
9 99
9 100
9 101
9 102
8 103
7 104
6 105
5 106
5 107
4 108
4 109
4 110
4 111
4 112
4 113
4 114
4 115
4 116
5 117
5 118
5 119
6 120
6 121
6 122
6 123
6 124
5 125
5 126
5 127
5 128
5 129
5 130
5 131
5 132
5 133
5 134
6 135
6 136
7 137
7 138
8 139
8 140
9 141
9 142
8 143
8 144
8 145
7 146
7 147
7 148
8 149
8 150
9 151
10 152
11 153
12 154
13 155
13 156
14 157
14 158
14 159
14 160
14 161
15 162
15 163
16 164
16 165
17 166
18 167
19 168
20 168
21 169
22 170
23 171
24 172
24 173
25 174
25 175
26 176
27 177
28 178
29 178
30 179
31 180
32 181
33 181
34 182
35 182
36 183
37 184
38 185
39 186
40 186
41 187
42 188
43 189
43 190
44 191
45 191
46 192
47 192
48 192
49 192
50 192
51 192
52 192
53 193
54 194
55 194
56 195
57 195
58 195
59 195
60 195
61 195
62 195
63 195
64 195
65 195
66 195
67 195
68 195
69 194
70 194
71 194
72 193
73 193
74 192
75 191
76 191
77 192
78 192
79 192
80 192
81 192
82 192
83 192
84 192
85 191
86 192
87 192
88 192
89 193
90 193
91 192
92 191
40
123 80
124 79
125 80
126 81
126 82
127 83
127 84
127 85
127 86
127 87
128 88
128 89
128 90
128 91
127 92
127 93
127 94
127 95
127 96
127 97
126 98
125 99
124 98
124 97
124 96
124 95
125 94
125 93
125 92
125 91
125 90
125 89
125 88
125 87
125 86
124 85
124 84
124 83
123 82
123 81
172
84 51
83 51
82 52
83 53
82 54
81 54
80 55
79 55
78 55
77 56
76 56
75 57
74 57
73 58
72 58
71 59
70 59
69 60
68 60
67 61
66 61
65 62
64 63
63 63
62 64
61 64
60 64
59 64
58 65
57 65
56 66
55 67
54 67
53 67
52 68
51 69
50 70
49 71
48 72
47 73
46 74
46 75
45 76
44 77
43 76
43 75
43 74
44 73
45 72
46 71
46 70
47 69
48 68
49 67
50 66
51 65
52 64
53 63
54 62
55 62
56 61
57 60
58 59
59 58
60 57
61 56
62 56
63 55
64 54
65 53
66 53
67 52
68 51
69 51
70 50
71 49
72 49
73 48
74 48
75 47
76 47
77 46
78 46
79 45
80 45
81 44
82 44
83 44
84 43
85 43
86 43
87 43
88 42
89 42
90 42
91 42
92 42
93 41
94 41
95 41
96 41
97 41
98 41
99 41
100 41
101 41
102 41
103 41
104 41
105 41
106 41
107 41
108 41
109 41
110 41
111 41
112 41
113 41
114 41
115 42
116 42
117 42
118 42
119 42
120 43
121 43
122 43
123 43
124 44
125 44
126 45
127 45
128 46
129 46
130 46
131 46
132 46
133 46
134 46
135 47
136 47
137 47
138 47
139 48
140 48
141 49
140 50
139 50
138 50
137 50
136 50
135 50
134 49
133 49
132 49
131 49
130 49
129 49
128 49
127 49
126 49
125 48
124 48
123 48
122 49
121 49
120 49
119 49
118 49
117 49
116 49
115 50
22
274 114
273 114
272 115
271 115
270 115
269 114
268 113
267 112
267 111
267 110
268 109
269 108
270 108
271 107
272 107
273 107
274 108
275 109
275 110
276 111
275 112
275 113
86
20 130
21 131
22 132
23 133
22 134
22 135
21 136
20 137
20 138
19 139
18 140
17 141
16 142
15 143
15 144
14 145
14 146
13 147
12 146
12 145
12 144
12 143
13 142
13 141
13 140
14 139
14 138
14 137
15 136
15 135
15 134
16 133
17 132
17 131
18 130
19 130
20 129
21 128
22 127
23 127
24 126
25 125
26 125
27 124
28 124
29 123
30 123
31 122
32 122
33 121
34 121
35 121
36 121
37 121
38 121
39 121
40 120
41 120
42 119
43 118
44 117
45 117
46 116
47 116
48 116
49 115
50 115
51 115
52 115
53 115
54 115
55 115
56 115
57 115
58 115
59 115
60 116
61 117
62 117
63 117
64 116
65 116
66 116
67 116
68 116
69 117
9
116 95
115 96
114 97
113 97
112 98
112 99
113 100
114 100
115 101
12
120 154
120 153
120 152
120 151
120 150
120 149
119 148
119 147
118 146
117 145
116 144
115 144
98
263 108
262 107
261 106
260 105
259 105
258 104
257 104
256 103
255 103
254 102
253 102
252 101
251 101
250 101
249 100
248 100
247 99
246 99
245 98
244 98
243 98
242 97
241 97
240 96
239 96
238 96
237 95
236 95
235 94
234 94
233 94
232 93
231 93
230 93
229 92
228 92
227 92
226 91
225 91
224 91
223 90
222 90
221 90
220 90
219 89
218 89
217 89
216 89
215 88
214 88
213 88
212 88
211 88
210 88
209 88
208 87
207 87
206 87
205 87
204 87
203 87
202 87
201 87
200 86
200 85
200 84
201 83
201 82
202 81
203 80
204 79
204 78
205 77
205 76
206 75
206 74
207 73
207 72
207 71
208 70
208 69
209 68
209 67
209 66
208 65
207 65
206 66
205 66
204 67
203 68
202 68
201 69
200 70
199 71
198 71
197 72
196 73
195 74
17
59 117
58 118
57 118
56 118
55 118
54 119
53 119
52 119
51 119
50 120
49 119
48 119
47 119
46 120
45 120
44 120
43 119
22
89 77
89 76
88 75
87 75
86 76
85 76
84 76
83 76
82 76
81 76
80 76
79 76
78 76
77 77
76 77
75 77
74 77
73 78
72 78
71 78
70 78
69 77
57
153 165
154 164
155 163
156 162
157 162
158 161
159 160
160 159
160 158
161 157
162 156
163 155
164 156
165 157
165 158
165 159
166 160
166 161
166 162
167 163
167 164
167 165
168 166
168 167
168 168
169 169
169 170
170 171
170 172
171 173
171 174
172 175
173 174
174 173
173 172
173 171
172 170
172 169
171 168
171 167
171 166
170 165
170 164
169 163
169 162
169 161
169 160
168 159
168 158
168 157
168 156
168 155
168 154
168 153
168 152
169 151
168 150
42
46 107
45 108
44 108
43 109
42 109
41 109
40 109
39 108
38 109
37 109
36 108
35 108
34 108
33 108
32 108
31 108
30 108
29 107
28 107
27 107
26 107
25 107
24 107
23 106
22 106
21 106
20 105
19 105
18 105
17 105
16 105
15 105
14 105
13 106
12 106
11 106
10 107
9 108
8 108
7 109
6 110
5 111
73
121 44
120 45
119 45
118 45
117 45
116 45
115 45
114 45
113 45
112 44
111 44
110 44
109 44
108 44
107 44
106 44
105 44
104 44
103 44
102 44
101 44
100 44
99 44
98 44
97 44
96 44
95 44
94 45
93 45
92 45
91 45
90 46
89 46
88 46
87 46
86 47
85 47
84 47
83 47
82 48
81 48
80 48
79 49
78 49
77 50
76 50
75 51
74 51
73 52
72 52
71 53
70 53
69 54
68 55
67 55
66 56
65 57
66 58
67 58
68 57
69 57
70 56
71 56
72 55
73 55
74 54
75 54
76 53
77 53
78 53
79 52
80 52
81 52
22
82 84
83 83
83 82
84 81
84 80
83 79
82 79
81 79
80 79
79 79
78 80
77 80
76 80
75 80
74 81
73 81
72 81
71 82
70 82
69 83
69 84
68 85
31
80 98
79 99
78 99
77 99
76 99
75 99
74 99
73 98
72 98
71 98
70 98
69 98
68 99
67 99
66 99
65 99
64 99
63 99
62 99
61 99
60 99
59 100
58 100
57 100
56 101
55 101
54 101
53 102
52 102
51 102
50 103
10
100 103
101 102
100 101
99 100
98 99
98 98
97 97
97 96
97 95
98 94
100
104 23
103 23
102 23
101 23
100 23
99 23
98 23
97 23
96 23
95 23
94 23
93 23
92 24
91 24
90 24
89 24
88 24
87 25
86 25
85 25
84 26
83 26
82 26
81 27
80 27
79 28
78 28
77 29
76 29
75 30
74 30
73 31
72 31
71 32
70 32
69 33
68 34
67 34
66 35
65 36
64 36
63 37
62 38
61 39
60 40
59 41
58 42
57 43
56 44
55 45
54 46
53 47
52 48
51 49
50 48
49 48
48 49
47 49
46 50
45 50
44 50
43 51
42 51
41 52
40 52
39 53
38 54
37 55
37 56
36 57
36 58
35 59
35 60
34 61
33 60
32 61
31 62
31 63
30 64
30 65
29 66
28 67
27 68
26 69
25 69
24 70
23 71
23 72
22 73
22 74
21 75
21 76
21 77
20 78
20 79
19 80
18 80
17 81
16 82
15 83
16
139 78
139 79
139 80
140 81
141 82
142 81
142 80
142 79
142 78
141 77
140 76
139 77
138 76
137 75
136 74
135 73
67
104 25
103 25
102 25
101 25
100 25
99 25
98 25
97 26
96 26
95 26
94 26
93 26
92 26
91 27
90 27
89 27
88 27
87 28
86 28
85 28
84 29
83 29
82 30
81 30
80 30
79 31
78 31
77 32
76 32
75 33
74 33
73 34
72 35
71 35
70 36
69 36
68 37
67 38
66 39
65 39
64 40
63 41
62 42
61 43
60 44
59 45
58 46
57 47
56 48
55 49
54 50
53 51
53 52
52 53
51 54
51 55
50 56
49 56
48 55
49 54
49 53
50 52
50 51
51 50
52 49
53 48
54 47
11
104 182
104 183
104 184
103 185
102 186
101 187
100 188
99 188
98 189
97 190
96 191
31
203 86
203 85
204 84
204 83
205 82
206 81
206 80
207 79
207 78
208 77
208 76
209 75
209 74
210 73
210 72
210 71
211 70
211 69
212 68
212 67
212 66
213 65
213 64
214 63
214 62
215 61
215 60
215 59
216 58
216 57
216 56
43
47 109
46 110
45 111
44 112
43 113
42 113
41 113
40 113
39 113
38 113
37 112
36 111
35 111
34 111
33 112
32 112
31 112
30 112
29 112
28 112
27 112
26 112
25 112
24 112
23 112
22 111
21 111
20 110
19 110
18 110
17 110
16 109
15 108
14 108
13 109
12 109
11 110
10 110
9 111
8 112
7 112
6 112
5 113
27
196 97
195 98
194 98
193 98
192 98
191 98
190 98
189 98
188 98
187 98
186 98
185 98
184 98
183 98
182 98
181 98
180 99
179 98
178 98
177 98
176 98
175 97
174 97
173 97
172 97
171 97
170 98
40
28 176
29 175
29 174
29 173
29 172
29 171
29 170
29 169
29 168
29 167
29 166
29 165
30 164
30 163
30 162
30 161
30 160
30 159
30 158
30 157
30 156
30 155
31 154
31 153
31 152
32 151
32 150
32 149
33 148
33 147
34 146
35 145
36 144
36 143
37 142
38 141
39 140
40 139
41 140
40 141
5
278 120
278 121
278 122
278 123
279 124
220
296 210
295 211
294 212
293 212
292 212
291 212
290 212
289 212
288 212
287 213
286 213
285 213
284 213
283 213
282 214
281 214
280 214
279 215
278 215
277 216
276 217
275 218
274 219
273 220
272 221
271 222
270 223
269 224
269 225
268 226
267 227
266 227
265 228
264 229
263 229
262 230
261 230
260 231
261 232
262 233
263 233
264 233
265 233
266 232
267 232
268 232
269 232
270 232
271 232
272 232
273 232
274 232
275 232
276 232
277 232
278 232
279 232
280 232
281 232
282 232
283 232
284 231
285 231
286 231
287 231
288 231
289 231
290 231
291 231
292 231
293 230
294 230
295 230
296 230
297 230
298 230
299 230
300 230
301 229
302 229
303 229
304 229
305 229
306 229
307 229
308 228
309 228
310 228
311 228
312 228
313 228
314 228
315 227
316 227
317 227
318 227
319 227
320 227
321 227
322 227
323 227
324 226
325 226
326 226
327 226
328 226
329 226
330 226
331 226
332 226
333 225
334 225
335 225
336 225
337 225
338 225
339 225
340 225
341 224
342 224
343 224
344 224
345 224
346 224
347 224
348 224
349 223
350 223
351 223
352 223
353 223
354 223
355 223
356 222
357 222
358 222
359 222
360 222
361 222
362 222
363 222
364 221
365 221
366 221
367 221
368 221
369 221
370 221
371 220
372 220
373 220
374 220
375 220
376 219
377 219
378 219
379 219
380 219
381 218
382 218
383 218
384 218
385 218
386 217
387 217
388 217
389 217
390 217
391 216
392 216
393 216
394 216
395 216
396 215
397 215
398 215
399 215
400 214
401 214
402 214
403 213
404 213
405 213
406 212
407 212
408 212
409 212
410 211
411 211
412 211
413 210
414 210
415 209
416 209
417 209
418 208
419 208
420 208
421 207
422 207
423 206
424 206
425 206
426 206
427 206
428 206
429 206
430 206
431 207
432 207
433 208
434 208
435 209
436 209
437 209
438 210
439 210
440 211
441 211
442 212
14
79 125
80 124
79 123
78 123
77 123
76 122
75 122
74 122
73 121
72 121
71 121
70 121
69 121
68 122
13
97 78
96 77
95 77
94 76
93 76
92 76
91 76
90 75
91 74
92 73
92 72
92 71
92 70
38
213 194
212 193
211 192
211 191
211 190
211 189
210 188
209 188
208 187
207 187
206 187
205 187
204 186
203 185
202 184
201 183
201 182
200 181
199 180
199 179
198 178
197 177
196 176
195 175
194 176
194 177
194 178
195 179
195 180
196 181
196 182
196 183
196 184
197 185
197 186
197 187
198 188
199 189
78
294 211
293 210
292 210
291 210
290 210
289 210
288 210
287 209
286 209
285 209
284 209
283 208
282 208
281 208
280 207
279 207
278 207
277 206
276 206
275 206
274 205
273 205
272 205
271 204
270 204
269 204
268 203
267 203
266 202
265 202
264 202
263 201
262 201
261 200
260 200
259 200
258 199
257 199
256 198
255 198
254 197
253 197
252 197
251 196
250 196
249 195
248 195
247 195
246 195
245 195
244 195
243 195
242 195
241 195
240 195
239 196
238 196
237 196
236 196
235 197
234 197
233 197
232 197
231 198
230 198
229 198
228 198
227 199
226 199
225 199
224 200
223 200
222 200
221 200
220 201
219 201
218 201
217 200
56
207 154
208 154
209 153
210 153
211 153
212 152
213 152
214 152
215 151
216 151
217 151
218 150
219 150
220 149
221 149
222 149
223 148
224 148
225 147
226 147
227 146
228 146
229 145
230 145
231 144
232 144
233 143
234 142
235 142
236 141
237 141
238 140
239 139
240 139
241 138
242 137
243 137
244 136
245 136
246 135
247 134
248 133
249 133
250 132
251 131
252 130
253 130
254 129
255 128
256 127
257 126
258 126
259 125
260 124
261 123
262 122
57
54 192
55 191
54 190
53 189
52 188
52 187
51 186
51 185
50 184
49 183
49 182
48 181
48 180
48 179
47 178
47 177
47 176
46 175
46 174
46 173
46 172
45 171
44 170
43 171
43 172
43 173
43 174
43 175
44 176
43 177
42 177
41 176
41 175
41 174
41 173
40 172
40 171
40 170
39 169
39 168
39 167
39 166
38 165
38 164
37 163
36 162
36 161
36 160
36 159
36 158
36 157
36 156
35 156
34 157
33 158
32 159
31 160
18
45 170
45 169
45 168
45 167
45 166
44 165
44 164
44 163
44 162
44 161
44 160
44 159
45 158
45 157
45 156
45 155
46 154
47 153
15
43 177
44 178
44 179
45 180
45 181
46 182
46 183
47 184
47 185
48 186
48 187
49 188
50 189
50 190
49 191
28
38 167
37 168
37 169
37 170
37 171
37 172
37 173
37 174
36 175
35 174
35 173
34 172
34 171
34 170
34 169
34 168
34 167
33 166
32 167
32 168
32 169
32 170
32 171
32 172
32 173
32 174
31 175
30 174
49
183 147
183 146
183 145
184 144
185 143
186 142
187 141
187 140
188 139
189 138
189 137
190 136
190 135
191 134
191 133
192 132
192 131
192 130
193 129
193 128
193 127
194 126
194 125
194 124
194 123
194 122
194 121
194 120
194 119
193 118
193 117
193 116
192 115
192 114
191 113
191 112
190 111
190 110
189 109
189 108
188 107
188 106
187 105
186 104
186 103
185 102
184 101
183 100
183 99
360
373 190
372 189
373 188
373 187
373 186
373 185
373 184
374 183
374 182
374 181
374 180
374 179
374 178
373 177
373 176
373 175
373 174
373 173
373 172
372 171
372 170
372 169
372 168
371 167
371 166
371 165
371 164
370 163
370 162
370 161
369 160
369 159
369 158
369 157
368 156
368 155
368 154
367 153
367 152
367 151
367 150
366 149
366 148
365 147
365 146
364 145
364 144
363 143
363 142
362 141
362 140
362 139
361 138
361 137
361 136
360 135
360 134
360 133
359 132
359 131
358 130
358 129
358 128
358 127
357 126
357 125
357 124
356 123
356 122
356 121
356 120
355 119
355 118
355 117
355 116
356 115
357 116
358 115
358 114
358 113
358 112
358 111
359 110
359 109
359 108
359 107
359 106
360 105
360 104
360 103
361 102
361 101
361 100
362 99
362 98
362 97
363 96
363 95
363 94
364 93
364 92
364 91
364 90
365 89
365 88
365 87
366 86
366 85
366 84
366 83
367 82
367 81
367 80
368 79
368 78
368 77
369 76
369 75
369 74
370 73
370 72
370 71
371 70
371 69
371 68
372 67
372 66
372 65
373 64
373 63
374 62
374 61
374 60
375 59
375 58
375 57
375 56
375 55
375 54
375 53
374 52
373 51
372 50
371 49
370 48
369 47
368 46
367 46
366 45
365 45
364 44
363 44
362 44
361 43
360 43
359 43
358 42
357 42
356 42
355 41
354 41
353 41
352 40
351 40
350 40
349 39
348 39
347 39
346 38
345 38
344 38
343 37
342 37
341 37
340 37
339 36
338 36
337 36
336 36
335 36
334 35
333 35
332 35
331 35
330 35
329 34
328 34
327 34
326 35
326 36
326 37
326 38
327 39
327 40
327 41
327 42
328 43
328 44
328 45
328 46
328 47
329 48
329 49
329 50
329 51
329 52
329 53
329 54
329 55
329 56
330 57
330 58
330 59
330 60
330 61
330 62
330 63
330 64
330 65
330 66
330 67
330 68
330 69
330 70
330 71
330 72
330 73
330 74
329 75
329 76
329 77
329 78
329 79
329 80
329 81
329 82
329 83
328 84
328 85
328 86
328 87
328 88
328 89
327 90
327 91
327 92
327 93
327 94
327 95
326 96
326 97
326 98
326 99
325 100
325 101
325 102
325 103
325 104
324 105
324 106
324 107
324 108
323 109
323 110
323 111
323 112
322 113
322 114
322 115
322 116
321 117
321 118
321 119
321 120
321 121
321 122
321 123
321 124
321 125
322 126
322 127
322 128
322 129
322 130
323 131
323 132
323 133
323 134
324 135
324 136
324 137
325 138
325 139
325 140
325 141
325 142
326 143
326 144
326 145
326 146
327 147
327 148
327 149
327 150
327 151
328 152
328 153
328 154
328 155
328 156
328 157
328 158
328 159
328 160
328 161
329 162
329 163
329 164
329 165
329 166
329 167
329 168
329 169
329 170
329 171
329 172
329 173
329 174
329 175
329 176
329 177
329 178
329 179
329 180
329 181
329 182
329 183
328 184
328 185
328 186
328 187
328 188
328 189
328 190
328 191
328 192
328 193
328 194
328 195
327 196
327 197
327 198
327 199
327 200
327 201
327 202
326 203
326 204
326 205
326 206
9
141 120
140 121
141 122
142 123
143 123
144 122
144 121
143 120
142 120
35
170 148
170 147
171 146
172 145
173 144
174 143
174 142
175 141
176 140
177 139
178 138
179 137
180 136
181 135
182 135
183 135
184 134
185 134
186 133
187 132
188 133
188 134
187 135
187 136
186 137
185 138
185 139
184 140
183 141
183 142
182 143
181 144
180 145
179 146
178 147
68
183 153
183 154
184 155
185 156
185 157
185 158
185 159
185 160
185 161
186 162
187 163
188 164
189 165
190 166
191 167
192 168
193 169
194 170
195 171
196 172
197 173
198 174
198 175
199 176
200 177
201 178
202 178
203 177
203 176
202 175
201 174
200 173
199 172
199 171
198 170
197 169
196 168
195 167
194 166
193 165
192 164
191 163
190 162
190 161
190 160
190 159
189 158
189 157
188 156
187 155
187 154
186 153
185 152
184 151
183 152
182 151
181 151
180 151
179 150
178 150
177 151
176 151
175 151
174 151
173 151
172 151
171 151
170 152
45
185 150
186 151
187 150
188 150
189 151
190 151
191 151
192 151
193 151
194 151
195 152
195 153
195 154
196 155
197 156
198 157
199 158
200 159
201 160
201 161
201 162
202 163
202 164
202 165
203 166
203 167
203 168
204 169
204 170
204 171
205 172
205 173
205 174
206 175
206 176
206 177
207 178
207 179
207 180
208 181
208 182
208 183
209 184
209 185
209 186
57
262 110
261 109
260 108
259 108
258 107
257 107
256 106
255 106
254 105
253 105
252 104
251 104
250 103
249 103
248 103
247 102
246 102
245 101
244 101
243 100
242 100
241 100
240 99
239 99
238 98
237 98
236 98
235 97
234 97
233 97
232 96
231 96
230 95
229 95
228 95
227 94
226 94
225 94
224 94
223 93
222 93
221 93
220 92
219 92
218 92
217 92
216 91
215 91
214 91
213 91
212 91
211 91
210 90
209 90
208 90
207 90
206 90
37
180 134
181 133
182 132
182 131
183 130
183 129
184 128
184 127
185 126
185 125
185 124
185 123
185 122
185 121
185 120
185 119
185 118
184 117
184 116
183 115
183 114
182 113
182 112
181 111
181 110
180 109
180 108
179 107
178 106
178 105
177 104
176 103
175 102
174 101
174 100
173 99
174 98
13
114 52
113 53
112 53
111 53
110 53
109 53
108 53
107 53
106 53
105 53
104 53
103 53
102 52
29
199 94
200 94
201 95
202 96
202 97
202 98
203 99
203 100
204 101
204 102
204 103
205 104
205 105
206 106
206 107
206 108
205 109
204 108
203 107
203 106
202 105
202 104
201 103
201 102
201 101
200 100
200 99
199 98
198 97
45
51 129
52 130
53 130
54 130
55 130
56 130
57 130
58 131
59 131
60 131
61 131
62 132
63 132
64 132
65 133
66 133
67 134
68 134
69 135
70 135
71 136
72 136
73 135
73 134
72 133
71 133
70 132
69 132
68 131
67 131
66 130
65 130
64 130
63 129
62 129
61 129
60 128
59 128
58 128
57 128
56 128
55 127
54 127
53 127
52 126
77
363 145
362 146
361 145
361 144
360 143
360 142
360 141
359 140
359 139
358 138
358 137
358 136
357 135
357 134
357 133
356 132
356 131
356 130
355 129
355 128
355 127
355 126
354 125
354 124
354 123
353 122
353 121
353 120
353 119
352 118
352 117
352 116
352 115
352 114
352 113
352 112
352 111
353 110
353 109
353 108
353 107
353 106
354 105
354 104
354 103
354 102
355 101
355 100
355 99
355 98
356 97
356 96
356 95
357 94
357 93
357 92
357 91
358 90
358 89
358 88
359 87
359 86
360 86
361 85
362 86
361 87
361 88
361 89
360 90
360 91
360 92
360 93
359 94
359 95
359 96
360 97
361 98
11
30 89
29 89
28 89
27 89
26 89
25 88
24 88
23 88
22 88
21 88
20 89
14
231 52
230 53
229 53
228 53
227 53
226 54
225 54
224 54
223 54
222 54
221 54
220 53
219 53
218 52
20
400 61
400 60
400 59
400 58
400 57
399 56
399 55
399 54
399 53
399 52
398 51
398 50
398 49
398 48
397 47
397 46
397 45
397 44
396 43
396 42
29
299 30
298 31
297 31
296 31
295 31
294 31
293 31
292 31
291 31
290 31
289 32
288 32
287 32
286 31
285 31
284 30
283 30
282 29
281 29
280 28
279 28
278 27
277 27
276 27
275 26
274 26
273 25
272 25
271 26
30
77 65
76 65
75 65
74 64
75 63
76 63
77 64
78 64
79 64
80 64
81 64
82 63
83 63
84 63
85 62
86 62
87 62
88 62
89 61
90 61
91 61
92 61
93 61
94 61
95 61
96 61
97 61
98 61
99 61
100 61
10
113 181
113 182
114 183
115 184
116 184
117 184
118 183
119 182
120 181
119 180
18
195 76
195 77
194 78
194 79
193 80
193 81
192 82
192 83
191 84
190 85
190 86
189 87
188 88
188 89
187 90
186 91
186 92
185 93
34
110 54
109 55
108 56
107 56
106 56
105 56
104 56
103 56
102 56
101 57
100 57
99 58
98 58
97 58
96 58
95 58
94 58
93 58
92 58
91 58
90 58
89 59
88 59
87 59
86 59
85 60
84 60
83 60
82 61
81 61
80 61
79 62
78 62
77 62
79
351 132
351 131
350 130
350 129
350 128
349 127
349 126
349 125
348 124
348 123
348 122
348 121
348 120
349 120
350 119
351 120
350 121
351 122
351 123
351 124
351 125
352 126
352 127
352 128
353 129
353 130
353 131
354 132
354 133
354 134
355 135
355 136
356 137
356 138
356 139
357 140
357 141
357 142
358 143
358 144
359 145
359 146
360 147
360 148
361 149
361 150
362 151
362 152
363 153
363 154
364 155
364 156
364 157
363 158
362 157
361 156
361 155
360 154
360 153
359 152
359 151
358 150
358 149
357 148
357 147
357 146
356 145
356 144
355 143
355 142
354 141
354 140
354 139
353 138
353 137
352 136
352 135
352 134
351 133
11
102 192
102 191
101 190
102 189
103 189
104 189
105 190
106 190
107 190
108 191
109 192
19
159 121
159 120
159 119
159 118
160 118
161 118
162 119
163 120
164 121
164 122
164 123
163 124
162 125
161 126
160 126
159 125
159 124
159 123
159 122
9
378 44
379 45
380 46
380 47
379 48
378 48
377 47
376 47
375 46
16
22 131
23 130
24 129
25 128
26 128
27 127
28 127
29 126
30 126
31 125
32 125
33 124
34 124
35 124
36 123
35 122
27
69 78
68 79
67 78
66 77
65 78
64 78
63 79
62 79
61 79
60 80
59 80
58 81
57 81
56 82
55 82
54 83
53 84
52 85
51 85
50 86
49 85
48 84
49 83
50 83
51 82
52 82
53 83
45
187 200
186 199
185 199
184 199
183 199
182 198
181 198
180 197
179 196
178 195
177 194
176 193
176 192
175 191
174 190
173 189
173 188
172 187
171 186
171 185
170 184
170 183
169 182
168 181
168 180
167 179
167 178
166 177
166 176
165 175
165 174
165 173
164 172
164 171
164 170
163 169
163 168
163 167
163 166
163 165
163 164
163 163
163 162
163 161
164 160
31
191 130
190 129
190 128
190 127
191 126
191 125
191 124
191 123
191 122
191 121
191 120
191 119
191 118
190 117
190 116
189 115
189 114
188 113
188 112
188 111
187 110
186 109
186 108
185 107
185 106
184 105
183 104
182 103
182 102
181 101
180 100
26
29 68
30 69
31 70
31 71
31 72
32 73
32 74
32 75
32 76
32 77
32 78
32 79
32 80
31 81
30 80
29 79
29 78
29 77
29 76
29 75
29 74
29 73
29 72
29 71
28 70
27 69
34
259 194
258 195
257 196
256 196
255 195
254 195
253 195
252 194
251 194
250 193
249 193
248 193
247 192
246 192
245 192
244 192
243 192
242 192
241 193
240 193
239 193
238 193
237 194
236 194
235 194
234 194
233 195
232 195
231 195
230 195
229 194
228 194
227 194
226 193
50
165 88
166 87
167 86
167 85
167 84
167 83
167 82
167 81
167 80
167 79
167 78
167 77
168 76
168 75
168 74
168 73
168 72
169 71
169 70
169 69
169 68
169 67
170 66
170 65
170 64
171 63
171 62
171 61
172 60
172 59
173 58
173 57
174 56
174 55
175 54
175 53
176 52
177 51
178 51
179 51
180 51
181 52
182 53
183 54
184 55
185 56
186 57
187 58
188 59
189 58
24
187 76
186 77
185 78
184 79
183 78
183 77
183 76
184 75
185 74
186 73
187 72
187 71
188 70
189 69
190 68
191 67
192 66
193 65
194 64
195 63
196 62
197 61
198 60
199 59
57
174 93
174 92
174 91
174 90
174 89
175 88
175 87
175 86
175 85
176 84
176 83
177 82
177 81
177 80
178 79
178 78
179 77
179 76
180 75
180 74
181 73
181 72
182 71
182 70
183 69
184 68
184 67
184 66
183 65
182 66
181 67
181 68
180 69
179 70
179 71
178 72
178 73
177 74
177 75
176 76
176 77
175 78
175 79
175 80
174 81
174 82
173 83
173 84
173 85
172 86
172 87
172 88
172 89
171 90
171 91
171 92
171 93
37
152 116
152 115
152 114
153 114
154 114
155 115
155 116
155 117
156 118
156 119
156 120
156 121
156 122
156 123
156 124
156 125
156 126
156 127
155 128
155 129
155 130
154 131
153 131
152 130
152 129
153 128
153 127
153 126
153 125
153 124
153 123
153 122
153 121
153 120
153 119
153 118
153 117
53
177 162
177 161
176 160
175 161
174 162
175 163
175 164
176 165
177 166
177 167
178 168
178 169
179 170
180 171
181 172
181 173
182 174
183 175
184 176
184 177
185 178
186 179
186 180
187 181
188 182
188 183
189 184
189 185
190 186
191 186
192 185
192 184
191 183
191 182
190 181
189 180
189 179
188 178
187 177
187 176
186 175
185 174
185 173
184 172
183 171
182 170
182 169
181 168
180 167
180 166
179 165
178 164
178 163
16
20 112
19 113
18 113
17 113
16 113
15 113
14 113
13 114
12 115
11 116
10 117
10 118
9 119
8 120
7 120
6 119
11
229 196
228 196
227 196
226 197
225 197
224 197
223 197
222 196
221 196
220 196
219 195
19
15 160
16 159
17 158
17 157
17 156
17 155
17 154
17 153
17 152
17 151
18 150
18 149
18 148
18 147
18 146
18 145
18 144
18 143
17 142
28
254 56
253 55
252 54
251 54
250 54
249 55
248 55
247 55
246 55
245 55
244 55
243 55
242 55
241 55
240 55
239 55
238 55
237 54
236 54
235 54
234 54
233 54
232 54
231 55
230 55
229 55
228 55
227 56
12
252 191
251 192
250 191
249 191
248 191
247 190
246 190
245 190
244 190
243 190
242 190
241 189
15
34 156
33 155
34 154
34 153
34 152
35 151
35 150
36 149
36 148
37 147
38 146
39 145
40 144
40 143
39 142
49
193 147
194 146
195 145
196 144
196 143
197 142
197 141
198 140
199 139
199 138
200 137
201 136
201 135
202 134
202 133
203 132
204 131
204 130
205 129
205 128
206 127
206 126
206 125
206 124
206 123
206 122
206 121
206 120
206 119
206 118
206 117
205 116
205 115
204 114
203 113
203 112
202 111
201 110
201 109
200 108
199 107
198 106
198 105
197 104
196 103
195 102
195 101
194 100
193 99
39
276 128
277 129
277 130
276 131
276 132
275 133
275 134
274 135
274 136
274 137
273 138
273 139
273 140
272 141
272 142
271 143
271 144
271 145
272 146
273 145
274 144
274 143
275 142
275 141
276 140
277 139
277 138
278 137
278 136
279 135
279 134
280 133
280 132
281 131
282 130
282 129
283 128
283 127
282 126
14
81 191
81 190
80 189
79 189
78 188
77 188
76 187
75 186
74 185
73 184
72 184
71 183
70 182
69 181
26
296 213
295 214
294 214
293 214
292 214
291 215
290 215
289 215
288 215
287 215
286 215
285 216
284 216
283 216
282 216
281 217
280 217
279 218
278 219
277 220
276 221
275 222
274 223
273 223
272 224
271 223
48
73 176
72 175
71 174
70 173
69 172
68 172
67 171
66 172
65 171
64 170
63 169
62 168
61 167
60 166
59 165
58 164
58 163
57 162
57 161
56 160
56 159
55 158
55 157
55 156
54 155
54 154
54 153
54 152
54 151
54 150
54 149
54 148
54 147
54 146
54 145
54 144
54 143
54 142
54 141
54 140
55 139
55 138
55 137
55 136
56 135
56 134
56 133
57 132
60
361 132
362 131
363 132
363 133
363 134
364 135
365 136
365 137
365 138
366 139
366 140
367 141
367 142
368 143
369 144
369 145
370 146
371 147
372 147
373 146
372 145
372 144
371 143
371 142
370 141
370 140
369 139
369 138
369 137
368 136
368 135
368 134
367 133
367 132
366 131
366 130
366 129
365 128
365 127
365 126
365 125
364 124
364 123
364 122
364 121
363 120
363 119
363 118
363 117
363 116
363 115
362 114
362 113
362 112
362 111
362 110
362 109
362 108
361 107
360 106
129
407 184
408 183
408 182
408 181
408 180
408 179
408 178
408 177
408 176
408 175
409 174
409 173
409 172
409 171
409 170
409 169
409 168
409 167
409 166
409 165
410 164
410 163
410 162
410 161
410 160
410 159
410 158
410 157
410 156
410 155
410 154
410 153
410 152
410 151
410 150
410 149
410 148
410 147
410 146
410 145
410 144
410 143
410 142
410 141
410 140
410 139
410 138
410 137
410 136
410 135
410 134
410 133
410 132
410 131
410 130
410 129
410 128
410 127
410 126
410 125
410 124
410 123
410 122
410 121
410 120
410 119
410 118
410 117
410 116
410 115
410 114
410 113
410 112
410 111
410 110
410 109
410 108
410 107
410 106
410 105
410 104
410 103
410 102
410 101
410 100
409 99
409 98
409 97
409 96
409 95
409 94
409 93
409 92
409 91
409 90
409 89
409 88
409 87
409 86
409 85
409 84
408 83
408 82
408 81
408 80
408 79
408 78
408 77
408 76
408 75
408 74
407 73
407 72
407 71
407 70
407 69
407 68
407 67
407 66
406 65
406 64
406 63
406 62
406 61
406 60
406 59
405 58
405 57
405 56
13
277 121
276 122
275 123
274 123
273 123
272 122
271 122
270 121
269 120
269 119
268 118
268 117
269 116
29
442 229
441 229
440 230
439 230
438 231
437 231
436 232
435 232
434 232
433 233
432 233
431 233
430 233
429 233
428 234
429 235
430 236
431 236
432 236
433 236
434 237
435 237
436 237
437 238
438 238
439 238
440 239
441 239
442 239
59
67 84
66 83
65 82
64 83
63 83
62 84
61 84
60 84
59 85
58 85
57 86
56 86
55 86
54 87
53 87
52 88
51 88
50 89
49 89
48 90
47 91
46 91
45 92
44 93
43 94
42 94
41 94
40 93
40 92
40 91
39 90
39 89
39 88
38 87
38 86
38 85
37 84
37 83
36 82
36 81
36 80
36 79
36 78
36 77
35 76
35 75
35 74
35 73
35 72
35 71
36 70
36 69
36 68
36 67
35 67
34 68
33 69
33 70
32 71
19
273 45
272 44
271 43
270 44
269 44
268 45
267 45
266 46
265 47
264 47
263 48
262 48
261 49
260 50
259 50
258 51
257 51
256 52
255 51
51
51 120
50 121
49 122
48 123
47 124
46 124
45 125
44 125
43 126
42 127
41 128
40 129
39 130
38 131
37 131
36 132
35 133
34 134
33 135
33 136
32 137
31 138
30 139
29 140
29 141
28 142
28 143
27 144
27 145
26 146
26 147
26 148
25 149
25 150
25 151
24 152
24 153
23 154
23 155
23 156
23 157
22 158
22 159
22 160
22 161
22 162
22 163
22 164
22 165
22 166
21 167
131
365 38
366 37
367 37
368 37
369 37
370 37
371 37
372 37
373 37
374 37
375 37
376 36
377 36
378 36
379 36
380 36
381 36
382 36
383 36
384 36
385 36
386 36
387 36
388 36
389 36
390 36
391 36
392 35
393 35
394 35
395 35
396 35
397 35
398 35
399 35
400 35
401 35
402 35
403 35
404 34
405 34
406 34
407 34
408 34
409 34
410 34
411 34
412 33
413 33
414 33
415 33
416 33
417 33
418 32
419 32
420 32
421 32
422 32
423 32
424 32
425 31
426 31
427 31
428 31
429 31
430 31
431 30
432 30
433 30
434 30
435 29
434 28
433 28
432 28
431 27
430 27
429 27
428 26
427 26
426 26
425 25
424 25
423 25
422 24
421 24
420 24
419 23
418 23
417 23
416 23
415 22
414 22
413 22
412 22
411 22
410 22
409 21
409 20
410 19
411 19
412 19
413 19
414 18
415 18
416 18
417 18
418 17
419 17
420 17
421 16
422 16
423 16
424 16
425 15
426 15
427 15
428 15
429 14
430 14
431 14
432 14
433 13
434 13
435 13
436 13
437 12
438 12
439 12
440 12
441 11
442 11
22
85 99
86 98
87 97
87 96
87 95
87 94
87 93
88 92
88 91
88 90
89 89
90 90
91 91
91 92
91 93
91 94
91 95
91 96
91 97
92 98
93 99
94 98
127
421 182
421 181
421 180
421 179
421 178
422 177
422 176
422 175
422 174
422 173
422 172
422 171
423 170
423 169
423 168
423 167
423 166
423 165
423 164
423 163
423 162
423 161
424 160
424 159
424 158
424 157
424 156
424 155
424 154
424 153
424 152
424 151
424 150
424 149
424 148
424 147
424 146
424 145
425 144
425 143
425 142
425 141
425 140
425 139
425 138
425 137
425 136
425 135
425 134
425 133
425 132
425 131
425 130
425 129
425 128
425 127
425 126
425 125
425 124
425 123
425 122
425 121
425 120
425 119
425 118
425 117
425 116
425 115
425 114
425 113
425 112
425 111
425 110
425 109
425 108
425 107
425 106
425 105
425 104
425 103
425 102
424 101
424 100
424 99
424 98
424 97
424 96
424 95
424 94
424 93
424 92
424 91
424 90
423 89
423 88
423 87
423 86
423 85
423 84
423 83
423 82
422 81
422 80
422 79
422 78
422 77
422 76
422 75
421 74
421 73
421 72
421 71
421 70
421 69
421 68
420 67
420 66
420 65
420 64
420 63
419 62
419 61
419 60
419 59
418 58
418 57
418 56
37
56 191
57 191
58 190
58 189
57 188
56 187
56 186
55 185
54 184
54 183
54 182
53 181
53 180
52 179
52 178
51 177
50 176
50 175
50 174
50 173
49 172
49 171
49 170
48 169
48 168
48 167
48 166
47 165
47 164
47 163
47 162
47 161
47 160
47 159
47 158
48 157
49 156
23
28 122
27 121
26 121
25 122
24 122
23 123
22 124
21 124
20 125
19 126
18 127
17 127
16 128
15 129
15 130
14 131
13 132
12 133
12 134
11 135
10 136
10 137
9 138
19
52 177
53 176
54 176
55 177
56 177
57 176
56 175
55 174
54 173
53 172
52 171
52 170
51 169
51 168
51 167
50 166
50 165
50 164
51 163
33
42 106
41 105
40 105
39 104
38 103
37 103
36 103
35 103
34 102
33 102
32 101
31 101
30 101
29 101
28 100
27 100
26 100
25 100
24 100
23 101
22 101
21 101
20 101
19 102
18 102
17 102
16 102
15 102
14 102
13 103
12 103
11 104
12 105
11
69 50
68 49
67 48
66 48
65 48
64 47
63 47
62 47
61 47
60 47
59 46
10
354 106
355 105
356 104
357 103
357 102
356 101
357 100
358 99
358 98
358 97
35
65 194
65 193
64 192
63 191
62 190
61 189
60 188
60 187
59 186
58 185
58 184
57 183
57 182
56 181
56 180
55 179
56 178
57 178
58 179
59 180
60 181
61 182
62 182
63 183
64 184
65 185
66 185
67 186
68 186
69 187
70 187
71 188
71 187
71 186
72 185
29
42 77
42 78
41 79
41 80
40 81
39 80
39 79
39 78
39 77
40 76
40 75
41 74
41 73
42 72
43 71
43 70
44 69
45 68
45 67
46 66
47 65
47 64
48 63
48 62
48 61
49 60
49 59
49 58
50 57
21
28 113
27 114
26 115
25 116
24 116
23 116
22 116
21 117
20 117
19 117
18 118
17 118
16 118
15 119
14 119
13 118
13 117
14 116
15 116
16 116
17 117
19
42 165
42 164
42 163
42 162
42 161
42 160
42 159
42 158
42 157
42 156
43 155
43 154
43 153
43 152
44 151
44 150
44 149
45 148
46 147
12
271 200
270 201
269 201
268 201
267 200
266 200
265 200
264 199
263 199
262 198
261 198
260 199
18
43 95
43 96
42 97
43 98
43 99
42 100
41 100
40 100
39 99
38 98
37 98
36 97
35 97
34 96
33 96
32 95
31 95
30 94
10
91 148
90 149
90 150
90 151
90 152
89 153
88 152
88 151
88 150
88 149
37
42 118
41 117
40 116
39 116
38 116
37 116
36 117
35 117
34 117
33 117
32 117
31 117
30 117
29 118
28 118
27 119
26 119
25 119
24 119
23 119
22 120
21 120
20 120
19 120
18 121
17 121
16 122
15 122
14 122
13 123
12 123
11 123
10 123
9 124
8 125
7 126
6 127
23
41 126
40 125
39 125
38 125
37 126
36 127
35 128
34 128
33 129
32 130
31 131
30 132
29 133
28 134
27 135
27 136
26 137
25 138
25 139
24 140
23 139
22 138
21 137
12
37 158
38 157
39 156
39 155
39 154
39 153
40 152
40 151
40 150
40 149
40 148
39 147
13
45 65
44 64
44 63
44 62
44 61
44 60
45 59
45 58
45 57
46 56
46 55
46 54
47 53
23
33 100
32 99
31 99
30 98
29 98
28 98
27 97
26 97
25 97
24 96
23 96
22 96
21 96
20 96
19 96
18 96
17 96
16 95
16 94
17 93
18 93
19 92
20 91
17
371 191
370 190
369 190
368 190
367 191
366 191
365 191
364 192
363 192
362 193
361 193
360 193
359 194
358 194
357 194
356 195
355 195
22
86 184
87 185
88 185
89 186
90 186
91 187
90 188
89 189
88 188
87 188
86 187
85 187
84 186
83 186
82 185
81 185
80 184
79 183
78 182
77 181
76 181
75 181
7
123 162
122 163
121 164
120 165
119 165
118 164
117 163
9
18 158
19 157
19 156
20 155
20 154
20 153
20 152
20 151
19 150
11
35 132
34 131
33 132
32 133
31 134
30 135
29 136
29 137
28 138
27 139
28 140
